[21659.779209] [Project1] 11728 1587642415.493914056 1587642415.756303472
[21661.000601] [Project1] 11729 1587642416.733688135 1587642416.977695350
[21662.230452] [Project1] 11730 1587642417.959262698 1587642418.207529319
[21663.456508] [Project1] 11731 1587642419.187820416 1587642419.433569566
[21664.731227] [Project1] 11732 1587642420.419966122 1587642420.708270581
[21665.971651] [Project1] 11735 1587642421.701048983 1587642421.948681137
[21667.208137] [Project1] 11736 1587642422.936349831 1587642423.185143988
[21668.445347] [Project1] 11737 1587642424.173378019 1587642424.422344700
[21669.682526] [Project1] 11738 1587642425.411749504 1587642425.659508165
[21670.933581] [Project1] 11739 1587642426.662174048 1587642426.910547575
