[19210.589350] [Project1] 10622 1587639966.332643095, 1587639966.598579256
[19211.933248] [Project1] 10623 1587639967.646197139, 1587639967.942463545
[19213.218824] [Project1] 10624 1587639968.947817670, 1587639969.228014150
[19215.096503] [Project1] 10625 1587639970.220724718, 1587639971.105652676
[19216.950730] [Project1] 10626 1587639972.098344993, 1587639972.959850016
[19218.895963] [Project1] 10627 1587639973.946853506, 1587639974.905047714
[19220.139223] [Project1] 10628 1587639975.900411113, 1587639976.148284423
[19221.776636] [Project1] 10629 1587639977.140006334, 1587639977.785666043
[19223.542368] [Project1] 10632 1587639978.782096661, 1587639979.551365607
[19225.019295] [Project1] 10633 1587639980.538118874, 1587639981.028264152
